	0.0	0.01	0.02	0.03	0.04	0.05	0.06	0.07	0.08	0.09	0.1	0.11	0.12	0.13	0.14	0.15	0.16	0.17	0.18	0.19	0.2	0.21	0.22	0.23	0.24	0.25	0.26	0.27	0.28	0.29	0.3	0.31	0.32	0.33	0.34	0.35	0.36	0.37	0.38	0.39	0.4	0.41	0.42	0.43	0.44	0.45	0.46	0.47	0.48	0.49	0.5	0.51	0.52	0.53	0.54	0.55	0.56	0.57	0.58	0.59	0.6	0.61	0.62	0.63	0.64	0.65	0.66	0.67	0.68	0.69	0.7	0.71	0.72	0.73	0.74	0.75	0.76	0.77	0.78	0.79	0.8	0.81	0.82	0.83	0.84	0.85	0.86	0.87	0.88	0.89	0.9	0.91	0.92	0.93	0.94	0.95	0.96	0.97	0.98	0.99	1.0
0.0	219.0	219.0	219.0	219.0	219.0	219.0	219.0	219.0	219.0	219.0	219.0	219.0	219.0	219.0	219.0	219.0	219.0	219.0	219.0	219.0	219.0	219.0	219.0	219.0	219.0	219.0	219.0	219.0	219.0	219.0	219.0	219.0	219.0	219.0	219.0	219.0	219.0	219.0	219.0	219.0	219.0	219.0	219.0	219.0	219.0	219.0	219.0	219.0	219.0	219.0	219.0	219.0	219.0	219.0	219.0	219.0	219.0	219.0	219.0	219.0	219.0	219.0	219.0	219.0	219.0	219.0	219.0	219.0	219.0	219.0	219.0	219.0	219.0	219.0	219.0	219.0	219.0	219.0	219.0	219.0	219.0	219.0	219.0	219.0	219.0	219.0	219.0	219.0	219.0	219.0	219.0	219.0	219.0	219.0	219.0	219.0	219.0	219.0	219.0	219.0	219.0
0.01	214.0	214.0	214.0	214.0	214.0	214.0	214.0	213.0	213.0	213.0	213.0	213.0	213.0	213.0	213.0	213.0	213.0	213.0	213.0	213.0	213.0	213.0	213.0	213.0	213.0	213.0	213.0	213.0	213.0	213.0	213.0	213.0	213.0	213.0	213.0	213.0	213.0	213.0	213.0	213.0	213.0	213.0	213.0	213.0	213.0	212.0	212.0	212.0	212.0	212.0	212.0	212.0	212.0	212.0	212.0	212.0	212.0	212.0	212.0	212.0	212.0	212.0	212.0	212.0	212.0	212.0	212.0	212.0	212.0	212.0	212.0	211.0	211.0	211.0	211.0	211.0	211.0	211.0	211.0	211.0	211.0	211.0	211.0	211.0	211.0	211.0	211.0	211.0	211.0	211.0	211.0	211.0	211.0	211.0	211.0	211.0	211.0	211.0	211.0	211.0	211.0
0.02	209.0	209.0	209.0	209.0	209.0	209.0	209.0	209.0	209.0	209.0	209.0	209.0	209.0	209.0	209.0	209.0	209.0	209.0	209.0	209.0	209.0	209.0	209.0	209.0	209.0	209.0	209.0	209.0	209.0	209.0	209.0	209.0	209.0	209.0	209.0	209.0	209.0	209.0	209.0	209.0	209.0	209.0	209.0	209.0	209.0	209.0	209.0	209.0	209.0	209.0	209.0	209.0	209.0	209.0	209.0	209.0	209.0	209.0	209.0	209.0	209.0	209.0	209.0	209.0	209.0	209.0	209.0	209.0	208.0	208.0	208.0	208.0	208.0	208.0	208.0	208.0	208.0	208.0	208.0	208.0	208.0	208.0	208.0	208.0	208.0	208.0	208.0	208.0	208.0	208.0	208.0	208.0	208.0	208.0	208.0	208.0	208.0	208.0	208.0	208.0	208.0
0.03	207.0	207.0	207.0	207.0	207.0	207.0	207.0	207.0	207.0	207.0	207.0	207.0	207.0	207.0	207.0	207.0	207.0	207.0	207.0	207.0	207.0	207.0	207.0	207.0	207.0	207.0	207.0	207.0	207.0	207.0	206.0	206.0	206.0	206.0	206.0	206.0	206.0	206.0	206.0	206.0	205.0	205.0	205.0	205.0	205.0	205.0	205.0	205.0	205.0	205.0	205.0	205.0	205.0	205.0	205.0	205.0	205.0	205.0	205.0	205.0	205.0	205.0	205.0	205.0	205.0	205.0	205.0	205.0	205.0	205.0	205.0	205.0	205.0	205.0	205.0	205.0	205.0	205.0	205.0	205.0	205.0	205.0	205.0	205.0	205.0	205.0	205.0	205.0	205.0	205.0	205.0	205.0	205.0	205.0	205.0	204.0	204.0	204.0	204.0	204.0	204.0
0.04	202.0	202.0	202.0	202.0	202.0	202.0	202.0	202.0	202.0	202.0	202.0	201.0	201.0	201.0	201.0	201.0	201.0	201.0	201.0	201.0	201.0	201.0	201.0	201.0	201.0	201.0	201.0	201.0	201.0	201.0	201.0	201.0	201.0	201.0	201.0	201.0	201.0	201.0	201.0	201.0	201.0	201.0	201.0	201.0	201.0	201.0	201.0	201.0	201.0	201.0	201.0	201.0	201.0	201.0	201.0	201.0	200.0	200.0	200.0	200.0	200.0	200.0	200.0	200.0	200.0	200.0	200.0	200.0	200.0	199.0	199.0	199.0	199.0	199.0	199.0	199.0	199.0	199.0	199.0	199.0	199.0	199.0	199.0	199.0	199.0	199.0	199.0	199.0	199.0	199.0	199.0	199.0	199.0	199.0	199.0	199.0	199.0	199.0	199.0	199.0	199.0
0.05	200.0	200.0	198.0	198.0	197.0	197.0	197.0	197.0	197.0	197.0	197.0	197.0	197.0	197.0	197.0	197.0	197.0	197.0	197.0	197.0	197.0	197.0	197.0	197.0	197.0	197.0	197.0	197.0	197.0	197.0	197.0	197.0	197.0	197.0	197.0	197.0	197.0	197.0	197.0	197.0	197.0	197.0	197.0	197.0	197.0	197.0	197.0	197.0	196.0	196.0	196.0	196.0	196.0	196.0	196.0	196.0	196.0	196.0	196.0	196.0	196.0	196.0	196.0	196.0	196.0	196.0	196.0	196.0	196.0	196.0	196.0	196.0	196.0	196.0	196.0	196.0	196.0	196.0	196.0	196.0	196.0	196.0	196.0	195.0	194.0	194.0	194.0	194.0	194.0	194.0	194.0	194.0	194.0	194.0	194.0	194.0	194.0	194.0	193.0	193.0	193.0
0.06	196.0	196.0	196.0	196.0	196.0	196.0	196.0	196.0	196.0	196.0	196.0	195.0	195.0	195.0	195.0	195.0	195.0	195.0	195.0	195.0	195.0	194.0	194.0	194.0	194.0	194.0	194.0	194.0	194.0	194.0	194.0	194.0	194.0	194.0	194.0	194.0	194.0	194.0	194.0	194.0	194.0	194.0	194.0	194.0	194.0	193.0	193.0	193.0	193.0	193.0	193.0	192.0	192.0	192.0	192.0	192.0	192.0	192.0	192.0	192.0	192.0	192.0	192.0	192.0	192.0	192.0	192.0	192.0	192.0	192.0	192.0	192.0	192.0	192.0	192.0	192.0	192.0	191.0	191.0	191.0	191.0	191.0	191.0	191.0	191.0	191.0	191.0	191.0	191.0	191.0	191.0	191.0	191.0	191.0	191.0	191.0	191.0	191.0	191.0	191.0	191.0
0.07	192.0	192.0	192.0	192.0	192.0	192.0	192.0	192.0	192.0	192.0	192.0	192.0	192.0	192.0	192.0	192.0	192.0	192.0	191.0	191.0	191.0	191.0	191.0	191.0	191.0	191.0	191.0	190.0	190.0	190.0	190.0	190.0	190.0	190.0	190.0	190.0	190.0	190.0	190.0	190.0	190.0	190.0	190.0	190.0	190.0	190.0	190.0	190.0	190.0	190.0	190.0	190.0	190.0	190.0	190.0	190.0	190.0	190.0	190.0	190.0	190.0	190.0	190.0	190.0	190.0	190.0	190.0	190.0	190.0	190.0	190.0	190.0	190.0	190.0	190.0	190.0	190.0	190.0	190.0	190.0	189.0	189.0	189.0	189.0	189.0	189.0	188.0	188.0	188.0	188.0	188.0	188.0	188.0	188.0	188.0	188.0	188.0	188.0	188.0	188.0	188.0
0.08	192.0	192.0	192.0	192.0	192.0	192.0	192.0	192.0	192.0	191.0	191.0	191.0	191.0	191.0	191.0	191.0	191.0	190.0	190.0	190.0	190.0	190.0	190.0	189.0	189.0	189.0	189.0	189.0	189.0	189.0	189.0	189.0	189.0	189.0	189.0	189.0	189.0	188.0	188.0	188.0	188.0	188.0	188.0	188.0	188.0	187.0	187.0	187.0	187.0	187.0	187.0	187.0	187.0	187.0	187.0	187.0	187.0	187.0	187.0	187.0	187.0	187.0	187.0	187.0	187.0	187.0	187.0	187.0	187.0	187.0	187.0	187.0	187.0	187.0	187.0	187.0	187.0	187.0	187.0	187.0	187.0	187.0	187.0	187.0	187.0	187.0	187.0	187.0	187.0	187.0	187.0	187.0	187.0	187.0	187.0	186.0	186.0	186.0	186.0	186.0	186.0
0.09	189.0	189.0	189.0	189.0	188.0	188.0	188.0	188.0	188.0	188.0	188.0	188.0	188.0	188.0	187.0	187.0	187.0	187.0	187.0	187.0	186.0	186.0	186.0	186.0	186.0	186.0	186.0	185.0	185.0	185.0	185.0	185.0	185.0	185.0	185.0	185.0	185.0	185.0	185.0	185.0	185.0	185.0	185.0	185.0	185.0	185.0	184.0	184.0	184.0	184.0	184.0	184.0	184.0	184.0	184.0	184.0	184.0	184.0	184.0	184.0	184.0	184.0	184.0	184.0	184.0	184.0	184.0	183.0	183.0	183.0	183.0	183.0	183.0	183.0	183.0	183.0	183.0	183.0	183.0	183.0	183.0	183.0	183.0	183.0	183.0	183.0	183.0	182.0	182.0	182.0	182.0	182.0	182.0	182.0	182.0	181.0	181.0	181.0	181.0	181.0	181.0
0.1	184.0	184.0	184.0	184.0	184.0	184.0	184.0	184.0	184.0	184.0	184.0	184.0	184.0	184.0	184.0	184.0	184.0	184.0	184.0	183.0	183.0	183.0	183.0	183.0	183.0	183.0	183.0	183.0	183.0	183.0	182.0	182.0	182.0	182.0	182.0	182.0	182.0	182.0	182.0	182.0	181.0	181.0	181.0	181.0	181.0	181.0	180.0	180.0	180.0	180.0	180.0	180.0	180.0	180.0	180.0	180.0	180.0	180.0	180.0	180.0	180.0	180.0	180.0	180.0	180.0	180.0	180.0	180.0	180.0	179.0	179.0	179.0	179.0	179.0	179.0	179.0	179.0	179.0	179.0	179.0	179.0	178.0	178.0	178.0	178.0	178.0	178.0	178.0	178.0	178.0	178.0	178.0	178.0	178.0	178.0	178.0	178.0	178.0	178.0	178.0	178.0
0.11	181.0	181.0	181.0	181.0	181.0	181.0	180.0	180.0	180.0	180.0	180.0	180.0	180.0	180.0	180.0	180.0	180.0	180.0	180.0	180.0	180.0	180.0	180.0	180.0	180.0	180.0	180.0	180.0	180.0	180.0	180.0	180.0	180.0	179.0	179.0	179.0	179.0	179.0	179.0	179.0	179.0	179.0	179.0	179.0	179.0	179.0	179.0	179.0	179.0	179.0	179.0	179.0	179.0	179.0	178.0	178.0	178.0	178.0	178.0	178.0	177.0	177.0	177.0	177.0	177.0	177.0	177.0	177.0	177.0	177.0	177.0	177.0	177.0	177.0	177.0	177.0	177.0	177.0	177.0	177.0	176.0	176.0	176.0	175.0	175.0	175.0	175.0	175.0	175.0	175.0	175.0	175.0	175.0	175.0	175.0	174.0	174.0	174.0	173.0	173.0	173.0
0.12	179.0	179.0	179.0	179.0	179.0	179.0	179.0	179.0	179.0	179.0	179.0	179.0	179.0	179.0	179.0	179.0	179.0	179.0	179.0	179.0	179.0	179.0	179.0	179.0	179.0	179.0	179.0	179.0	179.0	179.0	179.0	179.0	179.0	179.0	179.0	178.0	178.0	178.0	178.0	178.0	178.0	178.0	176.0	176.0	176.0	176.0	176.0	176.0	176.0	176.0	176.0	175.0	175.0	175.0	175.0	175.0	175.0	175.0	175.0	174.0	173.0	173.0	173.0	173.0	173.0	173.0	173.0	173.0	173.0	173.0	173.0	173.0	173.0	172.0	172.0	172.0	172.0	172.0	172.0	172.0	172.0	171.0	171.0	171.0	171.0	171.0	171.0	170.0	170.0	170.0	170.0	170.0	170.0	170.0	170.0	170.0	170.0	170.0	169.0	169.0	169.0
0.13	179.0	179.0	179.0	179.0	179.0	179.0	179.0	179.0	179.0	179.0	179.0	179.0	179.0	179.0	179.0	179.0	179.0	179.0	179.0	179.0	179.0	179.0	179.0	179.0	178.0	178.0	178.0	176.0	176.0	176.0	176.0	175.0	175.0	175.0	175.0	174.0	174.0	173.0	173.0	173.0	173.0	172.0	172.0	172.0	172.0	172.0	172.0	172.0	172.0	172.0	172.0	172.0	172.0	172.0	172.0	172.0	172.0	172.0	172.0	172.0	172.0	172.0	172.0	172.0	172.0	172.0	172.0	172.0	171.0	170.0	169.0	169.0	169.0	169.0	169.0	168.0	167.0	167.0	167.0	167.0	167.0	167.0	167.0	167.0	167.0	166.0	166.0	166.0	166.0	165.0	165.0	165.0	164.0	163.0	163.0	163.0	163.0	163.0	163.0	163.0	162.0
0.14	178.0	177.0	176.0	176.0	176.0	176.0	176.0	175.0	175.0	175.0	175.0	175.0	175.0	175.0	174.0	174.0	174.0	174.0	174.0	174.0	174.0	174.0	173.0	173.0	173.0	173.0	172.0	172.0	172.0	172.0	171.0	171.0	171.0	171.0	170.0	169.0	169.0	169.0	169.0	168.0	168.0	168.0	168.0	168.0	168.0	168.0	168.0	168.0	168.0	168.0	168.0	168.0	168.0	168.0	168.0	168.0	168.0	167.0	166.0	166.0	166.0	165.0	165.0	165.0	164.0	163.0	163.0	162.0	162.0	162.0	162.0	162.0	162.0	162.0	162.0	162.0	162.0	161.0	161.0	161.0	161.0	161.0	161.0	161.0	161.0	161.0	161.0	161.0	161.0	161.0	161.0	161.0	161.0	161.0	160.0	160.0	160.0	160.0	160.0	160.0	160.0
0.15	174.0	174.0	174.0	173.0	173.0	172.0	172.0	172.0	172.0	172.0	172.0	172.0	172.0	170.0	170.0	170.0	170.0	170.0	170.0	170.0	170.0	170.0	169.0	169.0	169.0	169.0	169.0	169.0	169.0	169.0	169.0	169.0	169.0	169.0	169.0	169.0	169.0	169.0	169.0	169.0	166.0	165.0	165.0	165.0	165.0	165.0	165.0	165.0	164.0	163.0	163.0	163.0	163.0	163.0	163.0	162.0	162.0	161.0	161.0	161.0	161.0	161.0	161.0	161.0	161.0	161.0	161.0	161.0	161.0	161.0	161.0	160.0	160.0	160.0	160.0	160.0	159.0	159.0	159.0	159.0	159.0	158.0	158.0	158.0	158.0	158.0	158.0	158.0	158.0	158.0	158.0	158.0	158.0	158.0	158.0	158.0	158.0	157.0	157.0	157.0	157.0
0.16	171.0	170.0	170.0	170.0	170.0	170.0	169.0	169.0	169.0	169.0	169.0	169.0	169.0	169.0	169.0	169.0	169.0	169.0	168.0	168.0	168.0	168.0	167.0	167.0	167.0	167.0	167.0	166.0	166.0	166.0	166.0	166.0	165.0	165.0	165.0	165.0	164.0	164.0	164.0	163.0	163.0	161.0	161.0	161.0	161.0	161.0	160.0	159.0	159.0	158.0	158.0	158.0	157.0	157.0	157.0	157.0	157.0	157.0	157.0	157.0	157.0	157.0	157.0	157.0	157.0	157.0	157.0	157.0	157.0	157.0	157.0	157.0	156.0	156.0	156.0	156.0	156.0	156.0	156.0	156.0	156.0	156.0	156.0	156.0	156.0	156.0	156.0	155.0	155.0	155.0	155.0	155.0	155.0	154.0	154.0	153.0	152.0	152.0	152.0	152.0	152.0
0.17	168.0	168.0	168.0	168.0	168.0	168.0	167.0	167.0	167.0	167.0	167.0	167.0	167.0	167.0	166.0	166.0	165.0	164.0	164.0	164.0	164.0	164.0	164.0	163.0	162.0	162.0	162.0	162.0	162.0	162.0	162.0	162.0	162.0	162.0	160.0	160.0	160.0	160.0	160.0	160.0	159.0	159.0	157.0	157.0	157.0	157.0	157.0	157.0	156.0	156.0	156.0	156.0	156.0	156.0	156.0	156.0	156.0	156.0	156.0	156.0	156.0	156.0	156.0	156.0	156.0	156.0	156.0	156.0	156.0	156.0	156.0	155.0	154.0	154.0	154.0	154.0	154.0	153.0	152.0	152.0	152.0	152.0	150.0	150.0	150.0	150.0	149.0	149.0	149.0	149.0	149.0	149.0	149.0	149.0	149.0	149.0	149.0	149.0	149.0	149.0	149.0
0.18	166.0	166.0	166.0	164.0	164.0	163.0	163.0	163.0	163.0	162.0	162.0	162.0	162.0	162.0	162.0	162.0	161.0	161.0	161.0	160.0	160.0	160.0	160.0	160.0	160.0	160.0	160.0	159.0	159.0	159.0	159.0	159.0	159.0	159.0	158.0	158.0	158.0	158.0	158.0	158.0	158.0	158.0	158.0	157.0	157.0	157.0	157.0	157.0	156.0	156.0	156.0	155.0	155.0	155.0	154.0	154.0	154.0	154.0	154.0	153.0	153.0	153.0	152.0	152.0	152.0	152.0	151.0	151.0	151.0	150.0	149.0	149.0	149.0	149.0	149.0	149.0	149.0	149.0	149.0	149.0	149.0	149.0	149.0	149.0	149.0	149.0	149.0	149.0	149.0	149.0	149.0	147.0	147.0	146.0	146.0	146.0	146.0	146.0	146.0	146.0	146.0
0.19	161.0	161.0	161.0	161.0	161.0	160.0	160.0	160.0	160.0	160.0	160.0	160.0	160.0	160.0	160.0	160.0	160.0	160.0	160.0	160.0	160.0	160.0	159.0	159.0	159.0	159.0	159.0	158.0	157.0	156.0	156.0	156.0	156.0	156.0	156.0	156.0	156.0	155.0	155.0	155.0	155.0	155.0	155.0	155.0	153.0	153.0	153.0	153.0	152.0	152.0	152.0	152.0	152.0	152.0	152.0	152.0	152.0	152.0	152.0	151.0	151.0	151.0	150.0	150.0	150.0	150.0	150.0	150.0	150.0	149.0	149.0	148.0	148.0	148.0	148.0	148.0	148.0	148.0	147.0	147.0	145.0	145.0	145.0	145.0	145.0	145.0	145.0	145.0	145.0	145.0	145.0	145.0	145.0	145.0	145.0	145.0	145.0	145.0	145.0	145.0	145.0
0.2	160.0	160.0	160.0	160.0	160.0	160.0	159.0	159.0	159.0	159.0	159.0	158.0	158.0	158.0	158.0	158.0	157.0	157.0	157.0	157.0	157.0	157.0	155.0	155.0	155.0	155.0	155.0	155.0	154.0	154.0	154.0	154.0	154.0	153.0	153.0	153.0	153.0	153.0	153.0	153.0	153.0	153.0	153.0	153.0	153.0	152.0	152.0	152.0	152.0	151.0	151.0	151.0	151.0	150.0	149.0	148.0	148.0	148.0	148.0	148.0	148.0	148.0	148.0	148.0	148.0	148.0	148.0	147.0	146.0	146.0	146.0	146.0	146.0	146.0	146.0	146.0	146.0	146.0	145.0	145.0	145.0	145.0	145.0	144.0	144.0	144.0	144.0	144.0	143.0	143.0	143.0	142.0	142.0	142.0	142.0	141.0	141.0	141.0	141.0	141.0	141.0
0.21	156.0	156.0	156.0	156.0	156.0	156.0	156.0	157.0	156.0	156.0	156.0	156.0	155.0	154.0	154.0	154.0	154.0	154.0	153.0	153.0	152.0	152.0	152.0	152.0	152.0	152.0	152.0	152.0	152.0	152.0	152.0	151.0	151.0	151.0	151.0	151.0	151.0	150.0	150.0	150.0	150.0	149.0	149.0	149.0	149.0	148.0	148.0	148.0	148.0	147.0	147.0	147.0	147.0	147.0	147.0	147.0	146.0	145.0	145.0	145.0	145.0	145.0	145.0	145.0	145.0	144.0	144.0	143.0	143.0	143.0	142.0	142.0	142.0	142.0	142.0	142.0	142.0	142.0	142.0	142.0	142.0	142.0	142.0	141.0	141.0	140.0	139.0	139.0	139.0	139.0	139.0	139.0	139.0	139.0	139.0	138.0	137.0	137.0	137.0	137.0	137.0
0.22	154.0	154.0	154.0	154.0	154.0	154.0	154.0	153.0	152.0	152.0	151.0	151.0	151.0	150.0	150.0	150.0	150.0	150.0	150.0	150.0	150.0	151.0	150.0	150.0	150.0	150.0	150.0	150.0	150.0	150.0	150.0	150.0	150.0	149.0	149.0	149.0	149.0	149.0	149.0	149.0	149.0	149.0	149.0	148.0	148.0	148.0	147.0	145.0	144.0	143.0	143.0	142.0	142.0	142.0	142.0	142.0	142.0	142.0	142.0	142.0	142.0	142.0	142.0	142.0	142.0	141.0	141.0	141.0	141.0	141.0	141.0	141.0	141.0	141.0	141.0	140.0	140.0	140.0	140.0	140.0	139.0	139.0	139.0	139.0	139.0	139.0	138.0	138.0	138.0	138.0	138.0	138.0	138.0	137.0	137.0	137.0	137.0	137.0	137.0	137.0	137.0
0.23	152.0	152.0	152.0	151.0	151.0	151.0	151.0	151.0	151.0	149.0	149.0	149.0	149.0	149.0	149.0	149.0	149.0	149.0	149.0	149.0	149.0	149.0	149.0	149.0	149.0	148.0	148.0	148.0	148.0	148.0	148.0	148.0	147.0	145.0	145.0	146.0	146.0	146.0	143.0	143.0	143.0	143.0	143.0	143.0	143.0	143.0	143.0	142.0	141.0	141.0	141.0	141.0	141.0	141.0	141.0	141.0	141.0	141.0	141.0	141.0	141.0	141.0	141.0	141.0	141.0	141.0	140.0	139.0	139.0	139.0	139.0	139.0	139.0	139.0	139.0	139.0	138.0	138.0	138.0	138.0	138.0	138.0	138.0	137.0	137.0	137.0	137.0	137.0	137.0	137.0	137.0	137.0	137.0	137.0	137.0	137.0	137.0	137.0	137.0	137.0	136.0
0.24	149.0	149.0	149.0	149.0	149.0	148.0	148.0	148.0	148.0	148.0	148.0	148.0	148.0	148.0	148.0	148.0	148.0	146.0	146.0	144.0	144.0	144.0	144.0	144.0	144.0	144.0	144.0	144.0	144.0	144.0	142.0	142.0	142.0	140.0	140.0	140.0	140.0	140.0	140.0	140.0	140.0	140.0	140.0	140.0	140.0	140.0	140.0	139.0	140.0	140.0	140.0	140.0	140.0	140.0	139.0	139.0	139.0	139.0	139.0	138.0	137.0	137.0	137.0	137.0	137.0	137.0	137.0	137.0	136.0	136.0	136.0	136.0	136.0	136.0	136.0	136.0	136.0	136.0	136.0	136.0	136.0	136.0	136.0	136.0	136.0	136.0	136.0	136.0	136.0	136.0	136.0	136.0	136.0	136.0	135.0	135.0	135.0	134.0	134.0	134.0	134.0
0.25	148.0	147.0	146.0	145.0	145.0	145.0	144.0	144.0	145.0	145.0	145.0	145.0	145.0	144.0	144.0	144.0	144.0	144.0	144.0	144.0	143.0	143.0	142.0	141.0	141.0	141.0	141.0	141.0	141.0	140.0	140.0	140.0	140.0	140.0	140.0	140.0	140.0	140.0	140.0	140.0	139.0	139.0	138.0	138.0	138.0	138.0	138.0	138.0	137.0	137.0	137.0	137.0	136.0	136.0	136.0	136.0	136.0	136.0	136.0	137.0	136.0	136.0	136.0	136.0	136.0	136.0	136.0	136.0	136.0	136.0	136.0	136.0	136.0	136.0	136.0	136.0	136.0	136.0	136.0	136.0	135.0	135.0	135.0	135.0	135.0	134.0	134.0	134.0	134.0	134.0	134.0	133.0	133.0	133.0	133.0	133.0	133.0	133.0	133.0	133.0	133.0
0.26	144.0	144.0	144.0	144.0	144.0	144.0	144.0	142.0	142.0	142.0	142.0	142.0	142.0	142.0	142.0	141.0	142.0	141.0	141.0	141.0	141.0	140.0	140.0	140.0	139.0	139.0	139.0	139.0	139.0	139.0	139.0	139.0	138.0	138.0	138.0	138.0	138.0	138.0	138.0	138.0	138.0	138.0	138.0	138.0	138.0	137.0	137.0	137.0	136.0	136.0	136.0	136.0	136.0	135.0	135.0	135.0	135.0	135.0	135.0	135.0	135.0	135.0	135.0	135.0	135.0	135.0	134.0	134.0	134.0	134.0	135.0	135.0	135.0	134.0	134.0	134.0	134.0	134.0	134.0	134.0	134.0	133.0	133.0	133.0	133.0	132.0	132.0	132.0	132.0	131.0	131.0	131.0	131.0	131.0	131.0	131.0	130.0	129.0	129.0	129.0	128.0
0.27	143.0	143.0	142.0	141.0	141.0	141.0	141.0	141.0	140.0	140.0	139.0	139.0	139.0	139.0	139.0	139.0	139.0	139.0	139.0	139.0	139.0	138.0	137.0	138.0	138.0	138.0	138.0	138.0	138.0	138.0	138.0	138.0	138.0	138.0	138.0	138.0	138.0	138.0	138.0	137.0	137.0	137.0	137.0	137.0	137.0	137.0	136.0	136.0	135.0	135.0	135.0	135.0	135.0	134.0	134.0	134.0	134.0	134.0	134.0	134.0	134.0	134.0	134.0	133.0	133.0	133.0	133.0	133.0	132.0	132.0	132.0	132.0	131.0	131.0	131.0	131.0	131.0	130.0	130.0	130.0	131.0	131.0	131.0	131.0	131.0	131.0	131.0	130.0	130.0	129.0	129.0	128.0	128.0	128.0	127.0	126.0	126.0	126.0	126.0	126.0	126.0
0.28	141.0	140.0	140.0	140.0	140.0	139.0	139.0	139.0	139.0	139.0	139.0	139.0	139.0	138.0	138.0	138.0	138.0	137.0	137.0	137.0	137.0	137.0	137.0	137.0	137.0	137.0	137.0	137.0	137.0	137.0	138.0	138.0	138.0	137.0	137.0	137.0	137.0	137.0	137.0	137.0	136.0	136.0	135.0	135.0	135.0	135.0	135.0	135.0	135.0	134.0	134.0	134.0	133.0	132.0	132.0	132.0	132.0	132.0	132.0	132.0	132.0	132.0	132.0	131.0	131.0	131.0	130.0	130.0	130.0	130.0	130.0	130.0	130.0	130.0	130.0	130.0	130.0	130.0	129.0	129.0	128.0	127.0	126.0	126.0	126.0	126.0	126.0	126.0	125.0	126.0	126.0	126.0	125.0	125.0	125.0	124.0	124.0	124.0	123.0	123.0	123.0
0.29	139.0	139.0	139.0	139.0	139.0	138.0	138.0	138.0	138.0	138.0	138.0	138.0	138.0	138.0	137.0	137.0	137.0	137.0	137.0	137.0	137.0	137.0	137.0	137.0	137.0	137.0	137.0	137.0	136.0	136.0	135.0	135.0	135.0	135.0	134.0	134.0	135.0	135.0	134.0	134.0	134.0	134.0	134.0	134.0	134.0	133.0	133.0	133.0	133.0	132.0	132.0	132.0	132.0	132.0	132.0	131.0	130.0	130.0	130.0	130.0	130.0	130.0	130.0	130.0	130.0	130.0	130.0	129.0	129.0	129.0	128.0	128.0	128.0	128.0	126.0	126.0	126.0	126.0	126.0	126.0	125.0	125.0	125.0	124.0	124.0	124.0	123.0	123.0	123.0	122.0	122.0	122.0	122.0	122.0	122.0	122.0	122.0	122.0	123.0	123.0	123.0
0.3	137.0	137.0	137.0	137.0	137.0	137.0	137.0	137.0	137.0	137.0	137.0	136.0	136.0	136.0	136.0	136.0	136.0	136.0	136.0	136.0	135.0	135.0	135.0	134.0	134.0	133.0	133.0	133.0	132.0	132.0	132.0	132.0	132.0	132.0	132.0	132.0	132.0	131.0	131.0	131.0	131.0	132.0	132.0	132.0	132.0	132.0	132.0	130.0	130.0	130.0	129.0	129.0	129.0	129.0	128.0	128.0	128.0	128.0	128.0	128.0	128.0	128.0	128.0	127.0	127.0	127.0	127.0	125.0	124.0	124.0	124.0	124.0	124.0	124.0	123.0	123.0	123.0	123.0	122.0	122.0	122.0	122.0	122.0	122.0	121.0	121.0	121.0	121.0	121.0	121.0	121.0	120.0	120.0	120.0	120.0	120.0	119.0	119.0	119.0	119.0	119.0
0.31	137.0	137.0	137.0	137.0	137.0	137.0	137.0	137.0	136.0	136.0	135.0	135.0	134.0	134.0	134.0	134.0	134.0	134.0	133.0	133.0	133.0	133.0	133.0	132.0	132.0	132.0	132.0	132.0	132.0	131.0	131.0	131.0	131.0	131.0	131.0	131.0	131.0	131.0	130.0	130.0	129.0	129.0	129.0	128.0	128.0	128.0	128.0	129.0	129.0	129.0	128.0	128.0	128.0	128.0	128.0	128.0	127.0	126.0	126.0	126.0	125.0	124.0	124.0	123.0	123.0	123.0	123.0	123.0	123.0	123.0	123.0	123.0	123.0	122.0	122.0	122.0	122.0	122.0	122.0	120.0	120.0	120.0	120.0	120.0	120.0	120.0	120.0	120.0	119.0	119.0	119.0	119.0	119.0	118.0	118.0	117.0	117.0	117.0	117.0	117.0	117.0
0.32	137.0	135.0	135.0	135.0	135.0	134.0	134.0	134.0	134.0	134.0	134.0	134.0	134.0	133.0	133.0	133.0	133.0	133.0	133.0	132.0	132.0	132.0	132.0	131.0	131.0	131.0	131.0	131.0	131.0	131.0	130.0	130.0	129.0	128.0	128.0	128.0	128.0	128.0	128.0	128.0	128.0	128.0	128.0	128.0	128.0	128.0	128.0	127.0	127.0	127.0	125.0	125.0	126.0	124.0	124.0	123.0	123.0	123.0	123.0	123.0	123.0	123.0	123.0	123.0	123.0	123.0	123.0	122.0	121.0	121.0	121.0	121.0	121.0	121.0	120.0	120.0	120.0	120.0	120.0	120.0	119.0	118.0	118.0	118.0	118.0	118.0	118.0	118.0	118.0	117.0	117.0	117.0	117.0	117.0	117.0	117.0	116.0	116.0	115.0	115.0	115.0
0.33	135.0	135.0	134.0	134.0	134.0	134.0	134.0	134.0	134.0	133.0	133.0	133.0	133.0	133.0	132.0	132.0	131.0	131.0	131.0	131.0	131.0	130.0	129.0	129.0	129.0	129.0	128.0	128.0	128.0	128.0	128.0	128.0	128.0	128.0	128.0	128.0	128.0	127.0	127.0	127.0	127.0	127.0	127.0	126.0	125.0	125.0	125.0	124.0	124.0	123.0	122.0	122.0	122.0	122.0	122.0	122.0	122.0	122.0	122.0	122.0	122.0	122.0	122.0	122.0	121.0	121.0	121.0	121.0	121.0	120.0	119.0	119.0	119.0	118.0	118.0	118.0	118.0	118.0	118.0	118.0	118.0	118.0	118.0	117.0	117.0	117.0	117.0	117.0	117.0	117.0	116.0	116.0	115.0	115.0	115.0	115.0	113.0	113.0	113.0	113.0	113.0
0.34	133.0	133.0	133.0	133.0	133.0	132.0	132.0	132.0	132.0	132.0	131.0	130.0	129.0	129.0	129.0	128.0	128.0	128.0	128.0	128.0	127.0	127.0	127.0	127.0	127.0	127.0	127.0	127.0	126.0	126.0	126.0	126.0	126.0	126.0	125.0	125.0	125.0	125.0	124.0	124.0	124.0	123.0	123.0	123.0	122.0	121.0	121.0	121.0	121.0	121.0	121.0	120.0	120.0	120.0	120.0	120.0	120.0	120.0	120.0	120.0	118.0	119.0	119.0	119.0	119.0	118.0	118.0	117.0	117.0	117.0	117.0	117.0	117.0	117.0	117.0	117.0	117.0	117.0	116.0	116.0	116.0	116.0	116.0	115.0	115.0	114.0	114.0	114.0	114.0	113.0	113.0	112.0	112.0	112.0	111.0	110.0	110.0	110.0	110.0	110.0	110.0
0.35	133.0	132.0	132.0	131.0	131.0	130.0	129.0	129.0	128.0	128.0	128.0	128.0	128.0	128.0	128.0	127.0	127.0	127.0	127.0	126.0	126.0	126.0	126.0	126.0	126.0	125.0	125.0	125.0	125.0	125.0	125.0	125.0	125.0	124.0	124.0	124.0	122.0	122.0	122.0	121.0	121.0	121.0	121.0	121.0	121.0	121.0	121.0	121.0	121.0	121.0	121.0	119.0	119.0	119.0	119.0	119.0	118.0	118.0	118.0	118.0	117.0	116.0	116.0	116.0	116.0	117.0	117.0	117.0	117.0	117.0	117.0	117.0	117.0	116.0	116.0	116.0	116.0	115.0	115.0	114.0	114.0	114.0	114.0	113.0	112.0	112.0	111.0	111.0	111.0	110.0	110.0	110.0	110.0	110.0	110.0	108.0	108.0	108.0	108.0	107.0	107.0
0.36	129.0	128.0	127.0	127.0	127.0	127.0	127.0	127.0	127.0	126.0	126.0	125.0	125.0	125.0	125.0	125.0	125.0	124.0	124.0	124.0	124.0	124.0	124.0	124.0	124.0	124.0	123.0	123.0	122.0	122.0	121.0	121.0	121.0	121.0	121.0	120.0	120.0	120.0	120.0	120.0	120.0	119.0	119.0	119.0	119.0	119.0	119.0	119.0	119.0	119.0	119.0	118.0	118.0	117.0	117.0	116.0	116.0	115.0	115.0	115.0	115.0	115.0	115.0	115.0	115.0	115.0	115.0	115.0	115.0	115.0	115.0	114.0	114.0	113.0	113.0	112.0	112.0	112.0	111.0	111.0	111.0	111.0	110.0	109.0	109.0	109.0	109.0	109.0	108.0	107.0	107.0	107.0	107.0	107.0	107.0	106.0	106.0	106.0	106.0	106.0	106.0
0.37	127.0	127.0	127.0	126.0	125.0	125.0	125.0	125.0	125.0	124.0	124.0	124.0	124.0	124.0	124.0	124.0	124.0	124.0	123.0	123.0	123.0	123.0	123.0	122.0	122.0	121.0	121.0	121.0	121.0	121.0	120.0	120.0	120.0	119.0	119.0	119.0	119.0	119.0	119.0	119.0	119.0	119.0	119.0	119.0	119.0	119.0	119.0	119.0	119.0	117.0	117.0	116.0	116.0	115.0	115.0	115.0	115.0	115.0	115.0	115.0	115.0	115.0	115.0	115.0	114.0	114.0	112.0	112.0	111.0	111.0	111.0	111.0	110.0	111.0	111.0	111.0	111.0	109.0	109.0	109.0	109.0	109.0	108.0	108.0	107.0	107.0	107.0	107.0	107.0	107.0	107.0	106.0	106.0	106.0	106.0	106.0	106.0	106.0	106.0	106.0	106.0
0.38	125.0	124.0	124.0	124.0	124.0	124.0	124.0	124.0	124.0	123.0	123.0	123.0	123.0	123.0	123.0	123.0	123.0	123.0	123.0	122.0	122.0	121.0	121.0	121.0	120.0	120.0	119.0	119.0	119.0	119.0	119.0	119.0	119.0	119.0	119.0	119.0	119.0	119.0	119.0	119.0	119.0	119.0	119.0	119.0	118.0	118.0	117.0	117.0	117.0	116.0	116.0	116.0	115.0	115.0	115.0	115.0	115.0	114.0	114.0	114.0	113.0	112.0	112.0	111.0	111.0	111.0	111.0	110.0	110.0	110.0	110.0	110.0	109.0	108.0	108.0	108.0	109.0	108.0	107.0	107.0	107.0	107.0	107.0	107.0	107.0	107.0	107.0	106.0	106.0	106.0	106.0	106.0	106.0	106.0	106.0	106.0	106.0	106.0	106.0	106.0	106.0
0.39	124.0	123.0	123.0	123.0	123.0	123.0	123.0	123.0	123.0	123.0	123.0	123.0	123.0	123.0	123.0	122.0	121.0	120.0	120.0	120.0	120.0	120.0	119.0	119.0	119.0	119.0	119.0	119.0	119.0	119.0	119.0	119.0	119.0	119.0	119.0	119.0	119.0	119.0	119.0	118.0	118.0	118.0	118.0	117.0	117.0	117.0	116.0	116.0	116.0	115.0	115.0	115.0	114.0	114.0	114.0	114.0	112.0	112.0	111.0	111.0	111.0	111.0	110.0	110.0	110.0	110.0	110.0	109.0	109.0	108.0	108.0	108.0	107.0	106.0	106.0	106.0	106.0	106.0	106.0	107.0	107.0	107.0	107.0	106.0	106.0	106.0	106.0	106.0	106.0	106.0	106.0	106.0	106.0	106.0	106.0	106.0	106.0	106.0	106.0	106.0	106.0
0.4	123.0	123.0	123.0	123.0	123.0	123.0	123.0	123.0	123.0	122.0	122.0	121.0	120.0	120.0	120.0	120.0	120.0	120.0	119.0	119.0	119.0	119.0	119.0	119.0	119.0	119.0	119.0	119.0	119.0	119.0	119.0	119.0	119.0	119.0	118.0	118.0	118.0	118.0	118.0	118.0	117.0	117.0	116.0	115.0	115.0	115.0	115.0	115.0	115.0	115.0	115.0	114.0	112.0	111.0	111.0	111.0	111.0	111.0	110.0	110.0	110.0	110.0	109.0	109.0	109.0	108.0	108.0	107.0	107.0	106.0	106.0	106.0	106.0	106.0	106.0	106.0	106.0	106.0	106.0	105.0	105.0	105.0	105.0	106.0	106.0	106.0	106.0	106.0	106.0	106.0	106.0	106.0	106.0	106.0	106.0	106.0	106.0	106.0	106.0	106.0	106.0
0.41	123.0	123.0	122.0	122.0	122.0	122.0	122.0	121.0	120.0	120.0	120.0	120.0	120.0	120.0	119.0	119.0	119.0	119.0	119.0	119.0	119.0	119.0	119.0	119.0	119.0	119.0	119.0	119.0	119.0	119.0	118.0	118.0	118.0	118.0	117.0	117.0	117.0	116.0	116.0	115.0	115.0	115.0	115.0	115.0	115.0	115.0	115.0	114.0	114.0	112.0	112.0	112.0	111.0	110.0	110.0	110.0	110.0	109.0	109.0	109.0	109.0	109.0	107.0	107.0	106.0	106.0	106.0	106.0	106.0	106.0	106.0	106.0	106.0	106.0	106.0	106.0	105.0	105.0	105.0	105.0	105.0	105.0	105.0	105.0	105.0	105.0	106.0	106.0	106.0	106.0	106.0	106.0	106.0	106.0	106.0	106.0	106.0	106.0	105.0	105.0	105.0
0.42	122.0	122.0	122.0	121.0	120.0	120.0	120.0	120.0	120.0	120.0	120.0	119.0	119.0	119.0	119.0	119.0	119.0	119.0	119.0	119.0	119.0	119.0	119.0	119.0	119.0	118.0	118.0	117.0	117.0	117.0	117.0	117.0	117.0	117.0	116.0	116.0	115.0	115.0	115.0	115.0	115.0	115.0	114.0	114.0	113.0	112.0	112.0	112.0	112.0	111.0	111.0	111.0	110.0	109.0	109.0	109.0	109.0	108.0	107.0	107.0	106.0	106.0	106.0	106.0	106.0	106.0	106.0	106.0	106.0	106.0	106.0	106.0	105.0	105.0	105.0	105.0	105.0	105.0	105.0	105.0	105.0	105.0	105.0	105.0	105.0	105.0	105.0	105.0	106.0	105.0	105.0	105.0	105.0	105.0	105.0	105.0	105.0	105.0	105.0	105.0	105.0
0.43	121.0	120.0	120.0	120.0	120.0	120.0	120.0	120.0	119.0	119.0	119.0	119.0	119.0	119.0	119.0	119.0	119.0	119.0	119.0	119.0	118.0	117.0	117.0	117.0	117.0	117.0	117.0	117.0	117.0	117.0	117.0	116.0	116.0	116.0	115.0	115.0	115.0	115.0	114.0	114.0	113.0	113.0	112.0	112.0	112.0	111.0	111.0	111.0	111.0	110.0	110.0	110.0	109.0	108.0	108.0	106.0	106.0	106.0	106.0	106.0	106.0	106.0	106.0	106.0	106.0	106.0	106.0	106.0	106.0	105.0	105.0	105.0	105.0	105.0	105.0	105.0	105.0	105.0	105.0	105.0	104.0	104.0	104.0	104.0	104.0	104.0	104.0	104.0	104.0	104.0	104.0	105.0	105.0	105.0	105.0	105.0	105.0	104.0	104.0	104.0	104.0
0.44	120.0	120.0	120.0	120.0	119.0	119.0	119.0	119.0	119.0	119.0	119.0	119.0	119.0	118.0	118.0	118.0	118.0	117.0	117.0	117.0	117.0	117.0	117.0	117.0	117.0	117.0	117.0	117.0	117.0	116.0	116.0	115.0	115.0	115.0	114.0	114.0	113.0	113.0	113.0	112.0	112.0	111.0	111.0	111.0	111.0	110.0	110.0	110.0	110.0	109.0	109.0	108.0	107.0	106.0	106.0	106.0	106.0	106.0	106.0	106.0	106.0	106.0	106.0	106.0	106.0	105.0	105.0	105.0	105.0	105.0	105.0	104.0	104.0	104.0	104.0	104.0	104.0	104.0	104.0	104.0	104.0	104.0	104.0	104.0	104.0	104.0	104.0	104.0	104.0	104.0	104.0	103.0	103.0	103.0	104.0	104.0	104.0	104.0	104.0	104.0	104.0
0.45	120.0	119.0	119.0	119.0	119.0	119.0	119.0	118.0	118.0	118.0	118.0	118.0	118.0	118.0	117.0	117.0	117.0	117.0	117.0	117.0	117.0	117.0	117.0	117.0	117.0	117.0	116.0	116.0	115.0	115.0	115.0	114.0	114.0	113.0	113.0	113.0	112.0	111.0	111.0	111.0	111.0	110.0	110.0	110.0	110.0	109.0	109.0	109.0	108.0	107.0	107.0	107.0	107.0	106.0	106.0	106.0	106.0	106.0	106.0	106.0	106.0	106.0	105.0	104.0	104.0	104.0	104.0	104.0	104.0	104.0	104.0	104.0	104.0	104.0	104.0	104.0	104.0	104.0	104.0	104.0	104.0	104.0	104.0	104.0	104.0	104.0	103.0	103.0	103.0	103.0	103.0	103.0	103.0	103.0	103.0	103.0	104.0	104.0	104.0	104.0	104.0
0.46	118.0	117.0	117.0	117.0	117.0	117.0	117.0	117.0	117.0	117.0	116.0	116.0	116.0	116.0	116.0	116.0	116.0	116.0	116.0	116.0	116.0	116.0	116.0	116.0	115.0	115.0	114.0	113.0	113.0	112.0	112.0	112.0	112.0	111.0	110.0	110.0	110.0	109.0	109.0	109.0	109.0	108.0	108.0	108.0	107.0	107.0	106.0	106.0	106.0	106.0	106.0	106.0	106.0	105.0	105.0	104.0	104.0	104.0	104.0	103.0	103.0	103.0	103.0	103.0	103.0	103.0	103.0	103.0	103.0	103.0	103.0	103.0	103.0	103.0	103.0	103.0	103.0	103.0	103.0	103.0	103.0	102.0	102.0	102.0	102.0	102.0	102.0	102.0	102.0	102.0	102.0	102.0	102.0	102.0	102.0	102.0	102.0	102.0	102.0	102.0	102.0
0.47	117.0	117.0	117.0	117.0	117.0	117.0	117.0	116.0	116.0	116.0	116.0	116.0	116.0	116.0	116.0	116.0	116.0	116.0	116.0	116.0	116.0	116.0	115.0	114.0	113.0	113.0	112.0	112.0	112.0	112.0	111.0	110.0	110.0	109.0	109.0	109.0	109.0	108.0	108.0	108.0	107.0	107.0	107.0	106.0	106.0	106.0	106.0	105.0	105.0	105.0	105.0	105.0	105.0	104.0	104.0	104.0	103.0	103.0	103.0	103.0	103.0	103.0	103.0	103.0	103.0	103.0	103.0	103.0	103.0	103.0	103.0	103.0	103.0	103.0	103.0	102.0	102.0	102.0	102.0	102.0	102.0	102.0	102.0	102.0	102.0	102.0	102.0	102.0	102.0	102.0	102.0	101.0	101.0	101.0	101.0	101.0	101.0	101.0	101.0	101.0	101.0
0.48	117.0	117.0	117.0	116.0	116.0	116.0	116.0	116.0	116.0	116.0	116.0	116.0	116.0	116.0	116.0	116.0	116.0	116.0	116.0	116.0	114.0	113.0	112.0	112.0	112.0	112.0	111.0	111.0	110.0	110.0	109.0	109.0	109.0	109.0	108.0	108.0	108.0	107.0	107.0	107.0	105.0	105.0	105.0	105.0	105.0	105.0	105.0	105.0	105.0	105.0	105.0	105.0	104.0	103.0	103.0	103.0	103.0	103.0	103.0	103.0	103.0	103.0	103.0	103.0	103.0	103.0	103.0	103.0	103.0	103.0	103.0	102.0	102.0	102.0	102.0	102.0	102.0	102.0	102.0	102.0	102.0	102.0	102.0	102.0	102.0	101.0	101.0	101.0	101.0	101.0	101.0	101.0	101.0	101.0	101.0	101.0	101.0	100.0	100.0	100.0	100.0
0.49	114.0	114.0	114.0	115.0	115.0	115.0	115.0	115.0	115.0	115.0	115.0	115.0	115.0	115.0	115.0	115.0	115.0	114.0	113.0	111.0	111.0	111.0	111.0	110.0	110.0	110.0	109.0	108.0	108.0	108.0	107.0	107.0	107.0	106.0	105.0	105.0	105.0	105.0	104.0	104.0	104.0	104.0	104.0	104.0	104.0	104.0	104.0	104.0	104.0	103.0	103.0	103.0	103.0	102.0	102.0	102.0	102.0	102.0	102.0	102.0	102.0	102.0	102.0	102.0	102.0	102.0	101.0	101.0	101.0	101.0	101.0	101.0	101.0	101.0	101.0	101.0	101.0	101.0	101.0	100.0	100.0	100.0	100.0	100.0	100.0	100.0	100.0	100.0	100.0	100.0	100.0	100.0	100.0	99.0	98.0	98.0	98.0	98.0	98.0	98.0	98.0
0.5	113.0	113.0	113.0	113.0	114.0	114.0	114.0	114.0	114.0	115.0	115.0	115.0	115.0	115.0	114.0	114.0	112.0	111.0	111.0	111.0	110.0	110.0	110.0	109.0	108.0	108.0	108.0	106.0	106.0	106.0	106.0	105.0	105.0	105.0	105.0	104.0	104.0	104.0	104.0	104.0	104.0	104.0	104.0	104.0	104.0	104.0	103.0	103.0	103.0	103.0	103.0	103.0	103.0	102.0	102.0	102.0	102.0	102.0	102.0	102.0	102.0	102.0	101.0	101.0	101.0	101.0	101.0	101.0	101.0	101.0	101.0	101.0	101.0	101.0	100.0	100.0	100.0	100.0	100.0	100.0	100.0	100.0	100.0	100.0	100.0	100.0	100.0	99.0	99.0	99.0	98.0	98.0	98.0	98.0	98.0	98.0	98.0	97.0	97.0	97.0	97.0
0.51	113.0	113.0	113.0	113.0	113.0	113.0	113.0	113.0	113.0	113.0	114.0	113.0	113.0	112.0	111.0	111.0	111.0	110.0	110.0	110.0	108.0	107.0	107.0	107.0	106.0	106.0	106.0	106.0	105.0	105.0	105.0	105.0	105.0	104.0	104.0	104.0	104.0	104.0	104.0	104.0	104.0	104.0	104.0	103.0	103.0	103.0	103.0	103.0	103.0	103.0	103.0	103.0	103.0	103.0	102.0	102.0	102.0	101.0	101.0	101.0	101.0	101.0	101.0	101.0	101.0	101.0	101.0	101.0	100.0	100.0	100.0	100.0	100.0	100.0	100.0	100.0	100.0	100.0	100.0	100.0	99.0	99.0	99.0	99.0	99.0	99.0	99.0	98.0	98.0	98.0	98.0	98.0	98.0	97.0	97.0	97.0	97.0	97.0	97.0	97.0	97.0
0.52	113.0	113.0	113.0	113.0	113.0	113.0	113.0	113.0	112.0	112.0	111.0	111.0	110.0	109.0	107.0	108.0	108.0	107.0	107.0	106.0	106.0	106.0	106.0	106.0	106.0	105.0	105.0	105.0	105.0	105.0	105.0	104.0	104.0	104.0	104.0	104.0	104.0	104.0	104.0	104.0	103.0	103.0	103.0	103.0	103.0	103.0	103.0	103.0	103.0	103.0	103.0	103.0	103.0	102.0	101.0	101.0	101.0	101.0	101.0	101.0	101.0	101.0	101.0	100.0	100.0	100.0	100.0	100.0	100.0	100.0	100.0	100.0	100.0	99.0	99.0	99.0	99.0	99.0	99.0	99.0	99.0	99.0	99.0	99.0	98.0	98.0	98.0	98.0	98.0	97.0	97.0	97.0	97.0	97.0	97.0	97.0	97.0	97.0	97.0	97.0	97.0
0.53	113.0	113.0	113.0	113.0	113.0	112.0	112.0	111.0	110.0	110.0	109.0	107.0	107.0	107.0	106.0	106.0	106.0	105.0	104.0	104.0	105.0	105.0	104.0	104.0	104.0	104.0	104.0	105.0	104.0	104.0	104.0	104.0	104.0	104.0	104.0	104.0	104.0	103.0	103.0	103.0	103.0	103.0	103.0	103.0	103.0	103.0	103.0	103.0	103.0	102.0	102.0	102.0	102.0	102.0	101.0	101.0	101.0	101.0	100.0	100.0	100.0	100.0	100.0	100.0	100.0	100.0	99.0	99.0	99.0	99.0	99.0	99.0	99.0	99.0	99.0	99.0	99.0	99.0	99.0	99.0	99.0	98.0	98.0	98.0	98.0	97.0	97.0	97.0	97.0	97.0	97.0	97.0	97.0	97.0	97.0	97.0	97.0	97.0	97.0	97.0	97.0
0.54	113.0	113.0	112.0	111.0	110.0	110.0	110.0	110.0	108.0	107.0	107.0	107.0	106.0	106.0	106.0	104.0	104.0	104.0	104.0	103.0	103.0	103.0	103.0	103.0	103.0	104.0	103.0	103.0	103.0	103.0	103.0	103.0	104.0	104.0	104.0	103.0	103.0	103.0	103.0	103.0	103.0	103.0	103.0	103.0	103.0	103.0	102.0	102.0	102.0	102.0	102.0	102.0	102.0	101.0	100.0	100.0	100.0	100.0	100.0	100.0	99.0	99.0	99.0	99.0	99.0	99.0	99.0	99.0	99.0	99.0	99.0	99.0	99.0	99.0	99.0	99.0	99.0	99.0	98.0	98.0	98.0	97.0	97.0	97.0	97.0	97.0	97.0	97.0	97.0	97.0	97.0	97.0	97.0	97.0	97.0	97.0	97.0	97.0	97.0	97.0	96.0
0.55	110.0	110.0	109.0	110.0	110.0	110.0	109.0	107.0	107.0	106.0	106.0	106.0	105.0	104.0	104.0	104.0	104.0	103.0	103.0	103.0	103.0	103.0	103.0	103.0	102.0	102.0	102.0	102.0	102.0	102.0	103.0	103.0	102.0	102.0	102.0	102.0	102.0	103.0	103.0	103.0	103.0	103.0	102.0	102.0	102.0	102.0	102.0	102.0	102.0	101.0	101.0	101.0	101.0	100.0	99.0	99.0	99.0	99.0	99.0	99.0	99.0	99.0	99.0	99.0	99.0	99.0	99.0	99.0	99.0	99.0	99.0	99.0	99.0	99.0	99.0	98.0	98.0	97.0	97.0	97.0	97.0	97.0	97.0	97.0	97.0	97.0	97.0	97.0	97.0	97.0	97.0	97.0	97.0	97.0	97.0	96.0	96.0	96.0	96.0	96.0	95.0
0.56	109.0	109.0	109.0	108.0	108.0	107.0	106.0	106.0	106.0	105.0	105.0	104.0	104.0	104.0	103.0	103.0	103.0	103.0	103.0	103.0	103.0	103.0	102.0	102.0	102.0	102.0	102.0	102.0	102.0	101.0	101.0	101.0	101.0	101.0	102.0	102.0	102.0	102.0	101.0	101.0	101.0	101.0	102.0	102.0	101.0	101.0	101.0	100.0	100.0	100.0	100.0	100.0	100.0	100.0	99.0	99.0	99.0	99.0	99.0	99.0	99.0	99.0	99.0	99.0	99.0	99.0	99.0	99.0	99.0	99.0	99.0	99.0	98.0	98.0	97.0	97.0	97.0	97.0	97.0	97.0	97.0	97.0	97.0	97.0	97.0	97.0	97.0	97.0	97.0	97.0	97.0	96.0	96.0	96.0	96.0	96.0	96.0	95.0	95.0	95.0	95.0
0.57	108.0	108.0	108.0	107.0	105.0	105.0	105.0	104.0	104.0	105.0	104.0	104.0	103.0	103.0	103.0	103.0	103.0	103.0	103.0	103.0	102.0	102.0	102.0	102.0	102.0	102.0	101.0	101.0	101.0	101.0	101.0	101.0	101.0	101.0	101.0	100.0	100.0	100.0	100.0	101.0	100.0	99.0	99.0	99.0	99.0	99.0	100.0	100.0	100.0	100.0	100.0	100.0	100.0	100.0	99.0	99.0	99.0	99.0	99.0	99.0	99.0	99.0	99.0	99.0	99.0	99.0	99.0	99.0	99.0	99.0	97.0	97.0	97.0	97.0	97.0	97.0	97.0	97.0	97.0	97.0	97.0	97.0	97.0	97.0	97.0	97.0	97.0	96.0	96.0	96.0	96.0	96.0	96.0	96.0	95.0	95.0	95.0	95.0	95.0	95.0	95.0
0.58	107.0	106.0	104.0	104.0	103.0	103.0	103.0	103.0	102.0	101.0	101.0	101.0	102.0	102.0	102.0	102.0	102.0	102.0	101.0	101.0	101.0	101.0	101.0	101.0	100.0	100.0	100.0	100.0	100.0	100.0	100.0	100.0	99.0	99.0	99.0	99.0	97.0	97.0	97.0	97.0	97.0	97.0	97.0	98.0	98.0	98.0	98.0	98.0	98.0	98.0	98.0	99.0	99.0	99.0	98.0	98.0	98.0	98.0	98.0	98.0	98.0	98.0	98.0	98.0	98.0	98.0	98.0	96.0	96.0	96.0	96.0	96.0	96.0	96.0	96.0	96.0	96.0	96.0	96.0	96.0	96.0	96.0	96.0	95.0	95.0	95.0	95.0	95.0	95.0	95.0	95.0	95.0	94.0	94.0	94.0	94.0	94.0	94.0	94.0	93.0	93.0
0.59	104.0	103.0	102.0	102.0	102.0	102.0	101.0	100.0	100.0	100.0	100.0	100.0	100.0	100.0	101.0	101.0	101.0	100.0	100.0	100.0	100.0	99.0	99.0	99.0	99.0	99.0	99.0	99.0	99.0	98.0	97.0	97.0	96.0	96.0	96.0	96.0	96.0	96.0	96.0	96.0	96.0	96.0	96.0	96.0	96.0	96.0	96.0	97.0	97.0	97.0	97.0	97.0	97.0	97.0	96.0	97.0	97.0	97.0	97.0	97.0	97.0	97.0	97.0	97.0	96.0	95.0	95.0	95.0	95.0	95.0	95.0	95.0	95.0	95.0	95.0	95.0	95.0	95.0	95.0	94.0	94.0	94.0	94.0	94.0	94.0	94.0	94.0	94.0	94.0	93.0	93.0	93.0	93.0	93.0	93.0	93.0	93.0	93.0	92.0	92.0	92.0
0.6	102.0	102.0	102.0	102.0	102.0	100.0	100.0	100.0	100.0	100.0	100.0	100.0	100.0	100.0	100.0	99.0	99.0	100.0	100.0	99.0	99.0	99.0	99.0	99.0	99.0	98.0	97.0	97.0	96.0	96.0	96.0	96.0	96.0	96.0	96.0	96.0	96.0	96.0	96.0	96.0	96.0	96.0	96.0	96.0	96.0	96.0	96.0	96.0	96.0	96.0	96.0	97.0	97.0	97.0	96.0	96.0	96.0	96.0	96.0	97.0	97.0	96.0	95.0	95.0	95.0	95.0	95.0	95.0	95.0	95.0	95.0	95.0	95.0	95.0	95.0	94.0	94.0	94.0	94.0	94.0	94.0	94.0	94.0	94.0	94.0	94.0	94.0	93.0	93.0	93.0	93.0	93.0	93.0	93.0	93.0	93.0	92.0	92.0	92.0	91.0	90.0
0.61	102.0	102.0	102.0	100.0	100.0	100.0	100.0	100.0	100.0	100.0	100.0	100.0	100.0	99.0	99.0	99.0	98.0	98.0	98.0	98.0	98.0	98.0	98.0	97.0	96.0	96.0	96.0	96.0	96.0	96.0	96.0	96.0	96.0	96.0	96.0	96.0	96.0	96.0	96.0	96.0	96.0	96.0	96.0	96.0	96.0	96.0	96.0	96.0	96.0	96.0	96.0	96.0	96.0	96.0	95.0	96.0	96.0	95.0	95.0	95.0	94.0	94.0	94.0	95.0	95.0	95.0	95.0	95.0	95.0	95.0	95.0	94.0	94.0	94.0	94.0	94.0	94.0	94.0	94.0	94.0	94.0	94.0	94.0	94.0	93.0	93.0	93.0	93.0	93.0	93.0	93.0	93.0	93.0	93.0	92.0	92.0	91.0	91.0	91.0	89.0	89.0
0.62	101.0	101.0	100.0	100.0	100.0	100.0	100.0	100.0	100.0	100.0	100.0	100.0	99.0	99.0	97.0	97.0	97.0	97.0	97.0	97.0	96.0	95.0	96.0	96.0	96.0	96.0	96.0	96.0	96.0	96.0	96.0	96.0	96.0	96.0	96.0	96.0	96.0	96.0	96.0	96.0	96.0	96.0	96.0	96.0	96.0	96.0	96.0	96.0	96.0	96.0	96.0	96.0	96.0	96.0	95.0	94.0	94.0	94.0	94.0	94.0	94.0	94.0	94.0	94.0	94.0	94.0	94.0	95.0	94.0	94.0	94.0	94.0	94.0	94.0	94.0	94.0	94.0	94.0	94.0	94.0	94.0	94.0	93.0	93.0	93.0	93.0	93.0	93.0	93.0	93.0	93.0	93.0	93.0	91.0	91.0	91.0	90.0	90.0	89.0	89.0	89.0
0.63	99.0	99.0	100.0	100.0	100.0	100.0	100.0	100.0	100.0	99.0	98.0	97.0	97.0	97.0	97.0	97.0	97.0	95.0	95.0	95.0	95.0	95.0	95.0	95.0	96.0	96.0	96.0	96.0	96.0	96.0	96.0	96.0	96.0	96.0	96.0	96.0	96.0	96.0	96.0	96.0	96.0	96.0	96.0	96.0	96.0	96.0	96.0	96.0	96.0	96.0	96.0	96.0	95.0	95.0	95.0	93.0	93.0	93.0	93.0	93.0	93.0	93.0	94.0	94.0	93.0	93.0	93.0	93.0	93.0	93.0	93.0	94.0	94.0	94.0	94.0	94.0	94.0	94.0	94.0	94.0	93.0	93.0	93.0	93.0	93.0	93.0	93.0	93.0	93.0	93.0	92.0	91.0	90.0	90.0	90.0	90.0	89.0	89.0	89.0	88.0	88.0
0.64	98.0	99.0	99.0	99.0	98.0	99.0	99.0	99.0	99.0	97.0	97.0	97.0	97.0	97.0	96.0	95.0	95.0	95.0	95.0	95.0	95.0	95.0	95.0	95.0	95.0	95.0	96.0	96.0	96.0	96.0	96.0	96.0	96.0	96.0	96.0	96.0	96.0	96.0	96.0	96.0	96.0	96.0	96.0	96.0	96.0	96.0	96.0	96.0	96.0	95.0	95.0	95.0	95.0	94.0	94.0	93.0	93.0	93.0	93.0	93.0	93.0	92.0	92.0	92.0	92.0	93.0	93.0	93.0	93.0	93.0	93.0	93.0	93.0	93.0	93.0	94.0	94.0	93.0	93.0	93.0	93.0	93.0	93.0	93.0	93.0	93.0	93.0	92.0	92.0	90.0	90.0	90.0	90.0	89.0	89.0	88.0	88.0	88.0	88.0	88.0	88.0
0.65	95.0	95.0	95.0	96.0	96.0	96.0	96.0	95.0	95.0	95.0	95.0	94.0	93.0	93.0	93.0	93.0	93.0	93.0	93.0	93.0	93.0	93.0	93.0	93.0	93.0	93.0	93.0	93.0	93.0	94.0	94.0	94.0	94.0	94.0	94.0	94.0	94.0	94.0	94.0	94.0	94.0	94.0	94.0	94.0	94.0	94.0	93.0	93.0	93.0	93.0	93.0	92.0	92.0	92.0	92.0	91.0	91.0	91.0	90.0	90.0	90.0	90.0	90.0	90.0	90.0	90.0	90.0	90.0	90.0	91.0	91.0	91.0	91.0	91.0	91.0	90.0	90.0	90.0	91.0	91.0	91.0	91.0	91.0	91.0	91.0	90.0	89.0	89.0	87.0	87.0	87.0	87.0	87.0	87.0	86.0	86.0	86.0	86.0	86.0	86.0	86.0
0.66	94.0	94.0	94.0	94.0	93.0	93.0	93.0	92.0	92.0	92.0	92.0	92.0	92.0	92.0	92.0	92.0	92.0	92.0	92.0	92.0	92.0	92.0	92.0	92.0	92.0	92.0	92.0	92.0	92.0	92.0	92.0	93.0	93.0	93.0	93.0	93.0	93.0	93.0	93.0	93.0	93.0	93.0	93.0	92.0	92.0	92.0	92.0	92.0	92.0	91.0	91.0	91.0	91.0	91.0	90.0	89.0	89.0	89.0	89.0	89.0	89.0	89.0	89.0	89.0	89.0	89.0	89.0	89.0	89.0	89.0	89.0	89.0	90.0	89.0	89.0	89.0	89.0	89.0	89.0	89.0	89.0	89.0	88.0	87.0	87.0	87.0	86.0	86.0	86.0	86.0	86.0	86.0	86.0	85.0	85.0	85.0	85.0	85.0	85.0	85.0	85.0
0.67	91.0	91.0	90.0	90.0	88.0	88.0	88.0	87.0	88.0	88.0	88.0	88.0	89.0	89.0	89.0	89.0	89.0	89.0	89.0	89.0	89.0	89.0	89.0	89.0	89.0	89.0	89.0	89.0	89.0	89.0	89.0	89.0	89.0	90.0	90.0	90.0	90.0	90.0	90.0	90.0	90.0	89.0	89.0	89.0	89.0	89.0	89.0	88.0	88.0	88.0	88.0	87.0	87.0	87.0	87.0	86.0	86.0	86.0	86.0	86.0	86.0	86.0	86.0	86.0	86.0	86.0	86.0	86.0	86.0	86.0	86.0	85.0	85.0	85.0	85.0	86.0	86.0	85.0	85.0	84.0	83.0	83.0	83.0	83.0	83.0	83.0	83.0	83.0	83.0	83.0	83.0	83.0	82.0	82.0	82.0	82.0	82.0	82.0	82.0	82.0	82.0
0.68	90.0	89.0	89.0	88.0	88.0	87.0	87.0	87.0	87.0	87.0	87.0	88.0	88.0	88.0	89.0	89.0	89.0	89.0	89.0	89.0	89.0	89.0	89.0	89.0	89.0	89.0	89.0	89.0	89.0	89.0	89.0	89.0	89.0	89.0	89.0	90.0	90.0	90.0	89.0	89.0	89.0	89.0	89.0	89.0	89.0	88.0	88.0	88.0	87.0	87.0	87.0	87.0	87.0	87.0	87.0	86.0	86.0	86.0	86.0	86.0	86.0	86.0	86.0	86.0	86.0	86.0	86.0	86.0	86.0	85.0	85.0	85.0	84.0	84.0	84.0	84.0	84.0	82.0	83.0	83.0	83.0	83.0	83.0	82.0	82.0	82.0	82.0	82.0	83.0	83.0	83.0	82.0	82.0	82.0	82.0	82.0	82.0	82.0	80.0	80.0	80.0
0.69	88.0	88.0	87.0	87.0	87.0	87.0	87.0	87.0	87.0	87.0	87.0	87.0	87.0	88.0	88.0	88.0	88.0	89.0	89.0	89.0	89.0	89.0	89.0	89.0	89.0	89.0	89.0	89.0	89.0	89.0	89.0	89.0	89.0	89.0	89.0	88.0	88.0	89.0	89.0	89.0	89.0	89.0	89.0	89.0	88.0	88.0	87.0	87.0	87.0	87.0	87.0	87.0	87.0	87.0	87.0	86.0	86.0	86.0	86.0	86.0	86.0	86.0	86.0	86.0	86.0	86.0	86.0	84.0	84.0	84.0	84.0	84.0	84.0	84.0	83.0	82.0	82.0	82.0	82.0	82.0	82.0	83.0	82.0	82.0	82.0	82.0	82.0	82.0	82.0	82.0	82.0	82.0	82.0	82.0	82.0	80.0	80.0	80.0	80.0	80.0	80.0
0.7	86.0	86.0	86.0	86.0	86.0	87.0	87.0	87.0	87.0	87.0	87.0	87.0	87.0	87.0	87.0	88.0	88.0	88.0	88.0	89.0	89.0	89.0	89.0	89.0	89.0	89.0	89.0	89.0	89.0	89.0	89.0	89.0	89.0	88.0	88.0	88.0	88.0	88.0	88.0	89.0	89.0	89.0	88.0	87.0	87.0	87.0	87.0	87.0	87.0	87.0	87.0	87.0	87.0	87.0	87.0	86.0	86.0	86.0	86.0	86.0	86.0	86.0	85.0	85.0	85.0	84.0	84.0	84.0	84.0	84.0	84.0	83.0	82.0	82.0	82.0	82.0	82.0	82.0	82.0	82.0	81.0	81.0	81.0	81.0	82.0	82.0	82.0	82.0	82.0	82.0	81.0	80.0	79.0	79.0	80.0	80.0	80.0	80.0	80.0	80.0	80.0
0.71	86.0	86.0	86.0	86.0	86.0	86.0	86.0	87.0	87.0	87.0	87.0	87.0	87.0	87.0	87.0	87.0	87.0	88.0	88.0	88.0	88.0	89.0	89.0	89.0	89.0	89.0	89.0	89.0	89.0	89.0	89.0	88.0	88.0	88.0	88.0	88.0	88.0	88.0	88.0	88.0	86.0	87.0	87.0	87.0	87.0	87.0	87.0	87.0	87.0	87.0	87.0	87.0	87.0	87.0	87.0	86.0	86.0	85.0	85.0	85.0	85.0	85.0	85.0	84.0	84.0	84.0	84.0	84.0	83.0	83.0	82.0	82.0	82.0	82.0	82.0	82.0	82.0	82.0	82.0	81.0	81.0	81.0	81.0	81.0	81.0	81.0	81.0	82.0	82.0	79.0	79.0	79.0	79.0	79.0	79.0	79.0	79.0	80.0	80.0	80.0	80.0
0.72	86.0	86.0	86.0	86.0	86.0	86.0	86.0	86.0	86.0	86.0	87.0	87.0	87.0	87.0	87.0	87.0	87.0	87.0	87.0	88.0	88.0	88.0	88.0	89.0	89.0	89.0	89.0	89.0	88.0	88.0	88.0	88.0	88.0	88.0	88.0	88.0	88.0	87.0	86.0	86.0	86.0	86.0	87.0	87.0	87.0	87.0	87.0	87.0	87.0	87.0	87.0	87.0	87.0	86.0	86.0	85.0	85.0	85.0	85.0	85.0	85.0	84.0	84.0	84.0	84.0	84.0	83.0	83.0	82.0	82.0	82.0	82.0	82.0	82.0	82.0	82.0	82.0	82.0	81.0	81.0	81.0	81.0	81.0	81.0	81.0	81.0	79.0	79.0	78.0	79.0	79.0	79.0	79.0	79.0	79.0	79.0	79.0	79.0	79.0	79.0	79.0
0.73	86.0	86.0	86.0	86.0	86.0	86.0	86.0	86.0	86.0	86.0	86.0	86.0	87.0	87.0	87.0	87.0	87.0	87.0	87.0	87.0	87.0	87.0	88.0	88.0	88.0	89.0	88.0	88.0	88.0	88.0	88.0	88.0	88.0	88.0	88.0	87.0	87.0	86.0	86.0	86.0	86.0	86.0	86.0	86.0	87.0	87.0	87.0	87.0	86.0	86.0	86.0	86.0	86.0	86.0	86.0	85.0	85.0	85.0	85.0	84.0	84.0	84.0	84.0	83.0	83.0	83.0	82.0	82.0	82.0	82.0	82.0	82.0	82.0	82.0	82.0	82.0	81.0	81.0	81.0	81.0	81.0	81.0	81.0	79.0	79.0	79.0	79.0	79.0	78.0	78.0	78.0	78.0	79.0	79.0	79.0	79.0	78.0	78.0	78.0	78.0	78.0
0.74	86.0	86.0	86.0	86.0	86.0	86.0	86.0	86.0	86.0	86.0	86.0	86.0	86.0	86.0	87.0	87.0	87.0	87.0	87.0	87.0	87.0	87.0	87.0	87.0	87.0	87.0	87.0	88.0	88.0	88.0	88.0	88.0	87.0	87.0	87.0	86.0	86.0	86.0	86.0	86.0	86.0	86.0	86.0	86.0	85.0	85.0	86.0	86.0	86.0	86.0	86.0	86.0	86.0	86.0	86.0	85.0	85.0	85.0	84.0	84.0	84.0	83.0	83.0	82.0	82.0	82.0	82.0	82.0	82.0	82.0	82.0	82.0	82.0	82.0	82.0	81.0	81.0	81.0	81.0	81.0	79.0	79.0	79.0	79.0	79.0	79.0	79.0	78.0	78.0	78.0	78.0	78.0	78.0	77.0	78.0	78.0	78.0	78.0	78.0	78.0	78.0
0.75	86.0	86.0	86.0	86.0	86.0	86.0	86.0	86.0	86.0	86.0	86.0	86.0	86.0	86.0	86.0	86.0	87.0	87.0	87.0	87.0	87.0	87.0	86.0	86.0	86.0	86.0	87.0	87.0	87.0	88.0	87.0	87.0	87.0	86.0	86.0	86.0	86.0	86.0	86.0	85.0	85.0	85.0	85.0	85.0	85.0	85.0	85.0	85.0	86.0	86.0	86.0	86.0	86.0	86.0	86.0	85.0	84.0	84.0	83.0	83.0	83.0	82.0	82.0	82.0	82.0	82.0	82.0	82.0	82.0	82.0	82.0	82.0	82.0	81.0	81.0	81.0	81.0	80.0	79.0	79.0	79.0	79.0	79.0	79.0	79.0	79.0	78.0	78.0	78.0	77.0	77.0	77.0	77.0	77.0	77.0	77.0	77.0	78.0	78.0	78.0	78.0
0.76	86.0	86.0	86.0	86.0	86.0	86.0	86.0	86.0	86.0	86.0	86.0	86.0	86.0	86.0	86.0	86.0	86.0	86.0	87.0	86.0	86.0	86.0	86.0	86.0	86.0	86.0	86.0	86.0	86.0	86.0	86.0	87.0	86.0	86.0	86.0	85.0	85.0	85.0	85.0	85.0	85.0	85.0	85.0	85.0	85.0	85.0	85.0	85.0	85.0	86.0	86.0	86.0	86.0	86.0	85.0	84.0	83.0	83.0	83.0	82.0	82.0	82.0	82.0	82.0	82.0	82.0	82.0	82.0	82.0	82.0	82.0	82.0	81.0	81.0	81.0	79.0	79.0	79.0	79.0	79.0	79.0	79.0	79.0	79.0	79.0	79.0	77.0	77.0	77.0	77.0	77.0	77.0	77.0	77.0	77.0	77.0	77.0	77.0	77.0	78.0	77.0
0.77	86.0	86.0	86.0	86.0	86.0	86.0	86.0	86.0	86.0	86.0	86.0	86.0	86.0	86.0	86.0	86.0	86.0	85.0	85.0	85.0	86.0	86.0	86.0	86.0	86.0	85.0	85.0	85.0	85.0	86.0	85.0	84.0	84.0	85.0	85.0	85.0	85.0	85.0	85.0	85.0	85.0	85.0	85.0	85.0	85.0	85.0	85.0	85.0	85.0	85.0	85.0	86.0	85.0	84.0	84.0	84.0	83.0	82.0	82.0	82.0	82.0	82.0	82.0	82.0	82.0	82.0	82.0	82.0	82.0	82.0	82.0	81.0	79.0	79.0	79.0	79.0	79.0	79.0	79.0	79.0	79.0	79.0	79.0	78.0	78.0	77.0	77.0	77.0	77.0	77.0	77.0	77.0	77.0	77.0	77.0	77.0	77.0	77.0	77.0	77.0	76.0
0.78	85.0	85.0	85.0	86.0	86.0	86.0	86.0	86.0	86.0	86.0	86.0	86.0	86.0	86.0	86.0	85.0	85.0	85.0	85.0	85.0	85.0	85.0	86.0	85.0	85.0	85.0	85.0	84.0	84.0	83.0	83.0	84.0	84.0	84.0	85.0	85.0	85.0	85.0	85.0	85.0	85.0	85.0	85.0	85.0	85.0	85.0	85.0	85.0	85.0	85.0	85.0	83.0	84.0	84.0	84.0	84.0	82.0	82.0	82.0	82.0	82.0	82.0	82.0	82.0	82.0	82.0	82.0	82.0	82.0	81.0	79.0	79.0	79.0	79.0	79.0	79.0	79.0	79.0	79.0	78.0	78.0	78.0	78.0	78.0	77.0	77.0	77.0	77.0	77.0	77.0	77.0	77.0	77.0	77.0	77.0	77.0	77.0	77.0	77.0	77.0	76.0
0.79	85.0	85.0	85.0	85.0	85.0	86.0	86.0	86.0	86.0	86.0	86.0	86.0	86.0	85.0	85.0	85.0	85.0	85.0	85.0	85.0	85.0	84.0	84.0	83.0	84.0	84.0	84.0	83.0	83.0	83.0	83.0	83.0	83.0	84.0	84.0	84.0	85.0	85.0	85.0	85.0	85.0	85.0	85.0	85.0	85.0	85.0	85.0	85.0	85.0	83.0	83.0	83.0	83.0	83.0	83.0	83.0	82.0	82.0	82.0	82.0	82.0	82.0	82.0	82.0	82.0	82.0	82.0	80.0	79.0	79.0	79.0	79.0	79.0	79.0	79.0	79.0	78.0	78.0	78.0	78.0	78.0	78.0	78.0	78.0	77.0	77.0	77.0	77.0	77.0	77.0	77.0	77.0	77.0	77.0	77.0	77.0	77.0	77.0	77.0	76.0	76.0
0.8	85.0	85.0	85.0	85.0	85.0	85.0	85.0	86.0	86.0	86.0	86.0	85.0	85.0	85.0	85.0	85.0	85.0	85.0	84.0	83.0	83.0	83.0	83.0	83.0	83.0	83.0	83.0	83.0	83.0	83.0	83.0	83.0	83.0	83.0	83.0	84.0	84.0	84.0	85.0	85.0	85.0	85.0	85.0	85.0	85.0	85.0	85.0	84.0	83.0	83.0	83.0	83.0	82.0	82.0	82.0	83.0	82.0	82.0	82.0	82.0	82.0	82.0	82.0	82.0	82.0	80.0	80.0	79.0	79.0	79.0	79.0	79.0	79.0	78.0	78.0	78.0	78.0	78.0	78.0	78.0	78.0	78.0	78.0	77.0	77.0	77.0	77.0	77.0	77.0	77.0	77.0	77.0	77.0	77.0	77.0	77.0	77.0	77.0	77.0	76.0	76.0
0.81	82.0	83.0	85.0	85.0	85.0	85.0	85.0	85.0	85.0	85.0	85.0	85.0	85.0	85.0	85.0	84.0	83.0	83.0	83.0	83.0	83.0	83.0	83.0	83.0	83.0	82.0	82.0	82.0	83.0	83.0	83.0	83.0	83.0	83.0	83.0	83.0	84.0	84.0	84.0	85.0	85.0	85.0	85.0	85.0	85.0	84.0	83.0	83.0	83.0	83.0	82.0	82.0	82.0	82.0	82.0	82.0	81.0	82.0	82.0	82.0	82.0	82.0	81.0	80.0	80.0	79.0	79.0	79.0	79.0	79.0	78.0	78.0	78.0	78.0	78.0	78.0	78.0	78.0	78.0	78.0	78.0	78.0	78.0	77.0	77.0	77.0	77.0	77.0	77.0	77.0	77.0	77.0	77.0	77.0	77.0	77.0	77.0	77.0	77.0	75.0	75.0
0.82	82.0	82.0	82.0	82.0	84.0	84.0	85.0	85.0	84.0	84.0	84.0	84.0	84.0	84.0	83.0	83.0	83.0	83.0	83.0	83.0	83.0	83.0	83.0	82.0	82.0	82.0	82.0	82.0	82.0	82.0	83.0	83.0	83.0	83.0	83.0	83.0	83.0	83.0	84.0	84.0	84.0	85.0	84.0	84.0	84.0	83.0	83.0	83.0	83.0	82.0	82.0	82.0	82.0	82.0	82.0	82.0	81.0	81.0	82.0	82.0	80.0	80.0	80.0	80.0	79.0	79.0	79.0	78.0	78.0	78.0	78.0	78.0	78.0	78.0	78.0	78.0	78.0	78.0	78.0	78.0	78.0	78.0	77.0	77.0	77.0	77.0	77.0	77.0	77.0	77.0	77.0	77.0	77.0	77.0	77.0	77.0	76.0	76.0	76.0	75.0	75.0
0.83	81.0	82.0	82.0	82.0	82.0	82.0	82.0	82.0	82.0	83.0	83.0	83.0	82.0	83.0	83.0	83.0	83.0	83.0	83.0	83.0	83.0	83.0	82.0	82.0	82.0	82.0	82.0	82.0	82.0	82.0	82.0	83.0	83.0	83.0	83.0	83.0	83.0	83.0	83.0	84.0	83.0	83.0	84.0	83.0	83.0	83.0	83.0	82.0	82.0	82.0	82.0	82.0	82.0	82.0	82.0	82.0	81.0	80.0	79.0	80.0	80.0	80.0	80.0	79.0	78.0	78.0	78.0	78.0	78.0	78.0	78.0	78.0	78.0	78.0	78.0	78.0	78.0	78.0	78.0	78.0	78.0	78.0	77.0	77.0	77.0	77.0	77.0	77.0	77.0	77.0	77.0	77.0	77.0	76.0	76.0	76.0	76.0	76.0	75.0	75.0	74.0
0.84	82.0	81.0	81.0	81.0	79.0	80.0	80.0	80.0	81.0	81.0	80.0	81.0	82.0	82.0	82.0	83.0	83.0	83.0	83.0	83.0	83.0	82.0	82.0	82.0	82.0	82.0	82.0	82.0	82.0	82.0	82.0	82.0	82.0	83.0	83.0	83.0	83.0	83.0	82.0	82.0	82.0	83.0	82.0	82.0	83.0	82.0	82.0	82.0	82.0	82.0	82.0	82.0	82.0	82.0	82.0	81.0	79.0	79.0	79.0	79.0	79.0	80.0	78.0	78.0	78.0	78.0	78.0	78.0	78.0	78.0	78.0	78.0	78.0	78.0	78.0	78.0	78.0	78.0	78.0	78.0	78.0	78.0	77.0	77.0	77.0	77.0	77.0	77.0	77.0	77.0	77.0	76.0	76.0	76.0	76.0	76.0	76.0	75.0	73.0	72.0	72.0
0.85	81.0	79.0	78.0	79.0	79.0	79.0	79.0	79.0	79.0	79.0	80.0	80.0	80.0	80.0	81.0	81.0	82.0	83.0	83.0	82.0	82.0	82.0	82.0	82.0	82.0	82.0	82.0	82.0	82.0	82.0	82.0	82.0	82.0	82.0	82.0	83.0	82.0	82.0	82.0	82.0	81.0	81.0	81.0	82.0	81.0	82.0	82.0	82.0	82.0	82.0	82.0	82.0	82.0	81.0	80.0	80.0	79.0	79.0	79.0	78.0	77.0	77.0	78.0	78.0	78.0	78.0	78.0	78.0	78.0	78.0	78.0	78.0	78.0	78.0	78.0	78.0	78.0	78.0	78.0	78.0	78.0	77.0	77.0	77.0	77.0	77.0	77.0	77.0	76.0	76.0	76.0	76.0	76.0	76.0	76.0	74.0	74.0	73.0	72.0	72.0	72.0
0.86	79.0	78.0	77.0	77.0	77.0	77.0	77.0	77.0	77.0	77.0	77.0	78.0	79.0	79.0	79.0	79.0	79.0	80.0	79.0	81.0	81.0	81.0	81.0	81.0	81.0	81.0	81.0	81.0	81.0	81.0	81.0	81.0	81.0	81.0	81.0	80.0	80.0	81.0	81.0	80.0	80.0	80.0	79.0	79.0	80.0	80.0	80.0	81.0	81.0	81.0	81.0	80.0	79.0	79.0	79.0	79.0	77.0	77.0	77.0	76.0	76.0	76.0	76.0	77.0	77.0	77.0	77.0	77.0	77.0	77.0	77.0	77.0	77.0	77.0	77.0	77.0	77.0	77.0	77.0	77.0	77.0	76.0	76.0	76.0	76.0	75.0	75.0	75.0	75.0	75.0	75.0	75.0	74.0	73.0	73.0	72.0	72.0	72.0	71.0	71.0	71.0
0.87	78.0	78.0	78.0	77.0	77.0	76.0	76.0	76.0	76.0	77.0	77.0	77.0	77.0	77.0	78.0	79.0	79.0	78.0	78.0	78.0	78.0	80.0	81.0	81.0	81.0	81.0	81.0	81.0	81.0	81.0	81.0	81.0	81.0	80.0	80.0	80.0	80.0	80.0	80.0	80.0	80.0	79.0	79.0	79.0	79.0	80.0	80.0	80.0	81.0	80.0	79.0	79.0	79.0	79.0	78.0	78.0	77.0	77.0	76.0	76.0	76.0	76.0	76.0	76.0	76.0	77.0	77.0	77.0	77.0	77.0	77.0	77.0	77.0	77.0	77.0	77.0	77.0	77.0	77.0	77.0	76.0	76.0	75.0	75.0	75.0	75.0	75.0	75.0	75.0	74.0	73.0	73.0	73.0	72.0	72.0	72.0	72.0	72.0	71.0	71.0	71.0
0.88	78.0	78.0	78.0	76.0	76.0	76.0	76.0	76.0	76.0	76.0	76.0	76.0	76.0	77.0	77.0	77.0	77.0	77.0	78.0	78.0	78.0	78.0	79.0	79.0	80.0	81.0	81.0	81.0	81.0	81.0	81.0	80.0	80.0	80.0	80.0	80.0	79.0	79.0	79.0	78.0	79.0	79.0	79.0	79.0	79.0	79.0	78.0	79.0	78.0	78.0	79.0	78.0	78.0	78.0	78.0	78.0	77.0	76.0	76.0	76.0	76.0	76.0	76.0	76.0	76.0	76.0	77.0	77.0	77.0	77.0	77.0	77.0	77.0	77.0	77.0	77.0	77.0	77.0	77.0	77.0	75.0	75.0	75.0	75.0	75.0	75.0	74.0	73.0	73.0	73.0	73.0	72.0	72.0	72.0	72.0	72.0	72.0	71.0	71.0	71.0	71.0
0.89	78.0	77.0	77.0	77.0	76.0	76.0	76.0	76.0	76.0	76.0	76.0	76.0	76.0	76.0	76.0	75.0	76.0	76.0	77.0	77.0	77.0	78.0	78.0	78.0	79.0	79.0	79.0	80.0	81.0	80.0	80.0	80.0	80.0	80.0	80.0	79.0	79.0	79.0	78.0	78.0	78.0	79.0	79.0	79.0	78.0	78.0	77.0	77.0	78.0	77.0	77.0	78.0	78.0	78.0	78.0	77.0	76.0	76.0	76.0	76.0	76.0	76.0	76.0	76.0	76.0	76.0	76.0	77.0	77.0	77.0	77.0	77.0	77.0	77.0	77.0	77.0	77.0	76.0	76.0	76.0	75.0	75.0	75.0	75.0	74.0	73.0	73.0	73.0	73.0	72.0	72.0	72.0	72.0	72.0	72.0	72.0	72.0	71.0	71.0	71.0	71.0
0.9	77.0	77.0	77.0	77.0	77.0	76.0	76.0	76.0	76.0	76.0	76.0	76.0	76.0	76.0	75.0	75.0	75.0	75.0	75.0	76.0	77.0	77.0	77.0	77.0	78.0	78.0	79.0	78.0	78.0	78.0	79.0	80.0	80.0	80.0	79.0	79.0	78.0	78.0	78.0	78.0	78.0	78.0	77.0	78.0	77.0	77.0	76.0	76.0	76.0	76.0	77.0	77.0	78.0	78.0	77.0	77.0	76.0	76.0	76.0	76.0	76.0	76.0	76.0	76.0	76.0	76.0	76.0	76.0	77.0	77.0	77.0	77.0	77.0	77.0	76.0	76.0	76.0	76.0	76.0	75.0	75.0	74.0	73.0	73.0	73.0	73.0	73.0	72.0	72.0	72.0	72.0	72.0	72.0	72.0	72.0	72.0	72.0	71.0	71.0	70.0	70.0
0.91	76.0	76.0	76.0	76.0	77.0	76.0	76.0	76.0	76.0	76.0	76.0	76.0	76.0	75.0	75.0	75.0	75.0	75.0	75.0	75.0	75.0	76.0	77.0	77.0	77.0	77.0	76.0	77.0	78.0	78.0	78.0	78.0	79.0	78.0	79.0	78.0	78.0	78.0	78.0	78.0	77.0	77.0	76.0	76.0	76.0	76.0	76.0	76.0	76.0	76.0	76.0	77.0	77.0	76.0	77.0	77.0	76.0	76.0	76.0	76.0	76.0	76.0	76.0	76.0	76.0	76.0	76.0	76.0	76.0	77.0	77.0	77.0	76.0	76.0	76.0	76.0	76.0	76.0	75.0	74.0	73.0	73.0	73.0	73.0	73.0	72.0	72.0	72.0	72.0	72.0	72.0	72.0	72.0	72.0	72.0	72.0	72.0	70.0	70.0	70.0	70.0
0.92	74.0	75.0	75.0	75.0	75.0	75.0	74.0	75.0	75.0	75.0	75.0	74.0	74.0	74.0	74.0	74.0	74.0	74.0	74.0	74.0	74.0	74.0	74.0	75.0	74.0	75.0	75.0	75.0	75.0	76.0	77.0	76.0	76.0	76.0	75.0	76.0	76.0	77.0	76.0	76.0	75.0	74.0	74.0	74.0	74.0	74.0	75.0	75.0	75.0	75.0	75.0	75.0	75.0	75.0	75.0	76.0	75.0	75.0	75.0	75.0	75.0	75.0	75.0	75.0	75.0	75.0	75.0	75.0	75.0	74.0	75.0	75.0	75.0	75.0	75.0	75.0	74.0	73.0	73.0	72.0	72.0	72.0	72.0	71.0	71.0	71.0	71.0	71.0	71.0	71.0	71.0	71.0	71.0	71.0	71.0	70.0	70.0	69.0	69.0	69.0	69.0
0.93	74.0	74.0	75.0	75.0	75.0	75.0	74.0	74.0	74.0	74.0	74.0	74.0	74.0	74.0	74.0	74.0	74.0	74.0	74.0	74.0	74.0	74.0	73.0	73.0	73.0	74.0	74.0	74.0	75.0	75.0	74.0	75.0	75.0	75.0	75.0	75.0	75.0	74.0	74.0	74.0	74.0	74.0	74.0	74.0	74.0	74.0	74.0	75.0	75.0	75.0	75.0	74.0	74.0	75.0	75.0	75.0	75.0	75.0	75.0	75.0	75.0	75.0	75.0	75.0	75.0	75.0	75.0	74.0	74.0	74.0	74.0	74.0	75.0	75.0	74.0	73.0	73.0	73.0	72.0	72.0	72.0	71.0	71.0	71.0	71.0	71.0	71.0	71.0	71.0	71.0	71.0	71.0	70.0	70.0	70.0	70.0	70.0	69.0	69.0	69.0	69.0
0.94	74.0	74.0	74.0	75.0	75.0	75.0	75.0	74.0	74.0	73.0	73.0	73.0	73.0	74.0	74.0	74.0	74.0	74.0	74.0	74.0	74.0	73.0	73.0	73.0	73.0	73.0	74.0	74.0	74.0	73.0	73.0	73.0	74.0	74.0	74.0	74.0	74.0	72.0	72.0	72.0	72.0	73.0	74.0	74.0	74.0	74.0	74.0	74.0	75.0	75.0	74.0	74.0	74.0	74.0	74.0	75.0	74.0	75.0	75.0	75.0	75.0	75.0	75.0	75.0	75.0	74.0	74.0	74.0	74.0	74.0	74.0	73.0	73.0	73.0	73.0	73.0	73.0	73.0	72.0	72.0	71.0	71.0	71.0	71.0	71.0	71.0	71.0	71.0	71.0	71.0	70.0	70.0	70.0	70.0	70.0	70.0	70.0	69.0	69.0	69.0	69.0
0.95	73.0	74.0	74.0	74.0	75.0	75.0	75.0	75.0	73.0	73.0	73.0	73.0	73.0	73.0	73.0	73.0	74.0	74.0	74.0	73.0	73.0	73.0	73.0	73.0	73.0	73.0	73.0	73.0	73.0	73.0	72.0	72.0	72.0	71.0	73.0	71.0	71.0	71.0	72.0	72.0	72.0	72.0	72.0	73.0	73.0	74.0	74.0	74.0	74.0	73.0	74.0	74.0	74.0	74.0	74.0	74.0	74.0	74.0	75.0	75.0	75.0	75.0	74.0	74.0	74.0	74.0	74.0	74.0	74.0	73.0	72.0	72.0	72.0	72.0	73.0	73.0	73.0	73.0	71.0	71.0	71.0	71.0	71.0	71.0	71.0	71.0	71.0	71.0	70.0	70.0	70.0	70.0	70.0	70.0	70.0	70.0	69.0	69.0	69.0	69.0	69.0
0.96	72.0	73.0	73.0	74.0	74.0	75.0	75.0	74.0	73.0	73.0	73.0	73.0	73.0	73.0	73.0	73.0	73.0	73.0	72.0	73.0	73.0	73.0	73.0	73.0	73.0	73.0	73.0	72.0	72.0	71.0	72.0	71.0	71.0	69.0	69.0	70.0	70.0	71.0	71.0	71.0	72.0	72.0	72.0	72.0	72.0	72.0	73.0	73.0	73.0	73.0	73.0	74.0	74.0	74.0	74.0	74.0	73.0	74.0	74.0	74.0	74.0	74.0	74.0	74.0	74.0	74.0	74.0	73.0	72.0	72.0	72.0	72.0	72.0	72.0	72.0	73.0	72.0	71.0	71.0	71.0	71.0	71.0	71.0	71.0	71.0	71.0	70.0	70.0	70.0	70.0	70.0	70.0	70.0	70.0	70.0	70.0	69.0	69.0	69.0	69.0	69.0
0.97	72.0	72.0	73.0	73.0	73.0	74.0	74.0	74.0	74.0	73.0	73.0	73.0	73.0	73.0	73.0	73.0	72.0	72.0	72.0	72.0	72.0	72.0	73.0	73.0	73.0	73.0	72.0	71.0	71.0	70.0	69.0	70.0	69.0	69.0	69.0	69.0	69.0	70.0	70.0	71.0	71.0	71.0	71.0	72.0	72.0	72.0	71.0	71.0	72.0	72.0	73.0	73.0	74.0	74.0	74.0	74.0	73.0	73.0	73.0	73.0	73.0	74.0	74.0	74.0	73.0	73.0	72.0	72.0	72.0	72.0	72.0	72.0	72.0	72.0	72.0	71.0	72.0	71.0	71.0	71.0	71.0	71.0	71.0	71.0	70.0	70.0	70.0	70.0	70.0	70.0	70.0	70.0	70.0	70.0	70.0	70.0	69.0	69.0	69.0	69.0	69.0
0.98	71.0	72.0	72.0	73.0	73.0	73.0	73.0	74.0	74.0	73.0	73.0	73.0	73.0	73.0	73.0	72.0	72.0	72.0	72.0	72.0	72.0	72.0	72.0	72.0	72.0	72.0	71.0	70.0	69.0	69.0	68.0	68.0	68.0	69.0	69.0	69.0	69.0	69.0	70.0	70.0	70.0	70.0	71.0	71.0	71.0	70.0	71.0	71.0	71.0	71.0	71.0	72.0	73.0	73.0	74.0	73.0	72.0	72.0	72.0	73.0	73.0	73.0	73.0	73.0	72.0	72.0	72.0	72.0	72.0	72.0	72.0	72.0	72.0	71.0	71.0	71.0	71.0	71.0	71.0	71.0	71.0	71.0	70.0	70.0	70.0	70.0	70.0	70.0	70.0	70.0	70.0	70.0	70.0	70.0	70.0	70.0	69.0	69.0	69.0	69.0	69.0
0.99	71.0	71.0	71.0	71.0	73.0	72.0	72.0	72.0	74.0	74.0	73.0	73.0	73.0	72.0	72.0	72.0	72.0	72.0	72.0	72.0	72.0	72.0	72.0	72.0	71.0	70.0	68.0	69.0	69.0	68.0	68.0	68.0	68.0	68.0	69.0	69.0	69.0	69.0	69.0	69.0	70.0	70.0	70.0	70.0	69.0	70.0	70.0	70.0	71.0	71.0	71.0	71.0	71.0	71.0	71.0	73.0	72.0	72.0	72.0	72.0	71.0	72.0	71.0	72.0	72.0	72.0	72.0	72.0	72.0	72.0	72.0	71.0	71.0	71.0	71.0	71.0	71.0	70.0	71.0	71.0	70.0	70.0	70.0	70.0	70.0	70.0	70.0	70.0	70.0	70.0	70.0	70.0	70.0	70.0	70.0	70.0	69.0	69.0	69.0	69.0	69.0
1.0	71.0	71.0	71.0	71.0	70.0	71.0	71.0	72.0	73.0	73.0	73.0	73.0	72.0	72.0	72.0	72.0	72.0	72.0	72.0	72.0	72.0	72.0	71.0	71.0	68.0	68.0	68.0	67.0	67.0	67.0	68.0	68.0	68.0	68.0	68.0	69.0	69.0	69.0	69.0	69.0	69.0	70.0	70.0	69.0	69.0	69.0	69.0	70.0	70.0	70.0	71.0	70.0	70.0	70.0	70.0	70.0	71.0	72.0	71.0	71.0	70.0	70.0	71.0	71.0	72.0	72.0	72.0	72.0	72.0	72.0	71.0	71.0	71.0	71.0	71.0	71.0	71.0	70.0	70.0	70.0	70.0	70.0	70.0	70.0	70.0	70.0	70.0	70.0	70.0	70.0	70.0	70.0	70.0	70.0	70.0	70.0	69.0	69.0	69.0	69.0	69.0
